~Components~

[RigidBody2D_2082926331_131135780]
dynamic=1
density=1.000000
fixRotation=0
friction=1.000000
damping=1.000000


~Entities~

[2283609957]
parent=253444636
scale=1.000000,1.000000,1.000000
rotation=1.000000,0.000000,0.000000,0.000000
position=0.000000,0.000000,0.000000
name=Entity 6


[2082926331]
parent=253444636
scale=1.000000,1.000000,1.000000
rotation=1.000000,0.000000,0.000000,0.000000
position=0.000000,0.000000,0.000000
name=Entity 3


[3392975172]
parent=253444636
scale=1.000000,1.000000,1.000000
rotation=1.000000,0.000000,0.000000,0.000000
position=0.000000,0.000000,0.000000
name=Entity 4


[107617237]
parent=253444636
scale=1.000000,1.000000,1.000000
rotation=1.000000,0.000000,0.000000,0.000000
position=0.000000,0.000000,0.000000
name=Entity 5


~Scenes~


~Scripts~

