~Components~

[Sprite_1022744379_3195494426]
texture=ui/fragment_shader
visible=1
batched=1
size=1.000000,1.000000
color=1.000000,1.000000,1.000000,1.000000
offset=0.000000,0.000000


[Quad_1466432559_4144108708]
size=1.000000,1.000000
color=1.000000,1.000000,1.000000,1.000000
centered=1
offset=0.000000,0.000000


[OrthographicCamera_102387052_3971853152]
zNear=-1000.000000
zoom=0.934000
zFar=1000.000000
size=19.200001,10.800000
centered=1
roundTo=0.000000


~Entities~

[1022744379]
scale=1.000000,1.000000,1.000000
rotation=1.000000,0.000000,0.000000,0.000000
position=4.900000,2.000000,0.000000
name=Entity 6


[1466432559]
scale=1.000000,1.000000,1.000000
rotation=1.000000,0.000000,0.000000,0.000000
position=0.000000,0.000000,0.000000
name=Entity 23


[102387052]
scale=1.900000,1.000000,1.000000
rotation=1.000000,0.000000,0.000000,0.000000
position=3.500000,3.300000,0.000000
name=Entity 22


~Scenes~


~Scripts~

